,a.1.1,a.1.2,a.1.3,a.1.4,a.3.1,a.3.2,a.3.3,a.3.4,a.3.5,a.3.6,b.1.1,b.1.2,b.1.3,b.1.4,b.1.5,b.1.6,b.1.7,b.1.8,b.1.9,b.2.1,b.3.1,b.3.2,b.3.3,b.3.4,b.6.1,c.1.1,c.1.2,c.2.1,c.2.2,c.2.3,c.2.4,c.2.5,c.2.6,c.2.7,c.2.8,c.2.9,c.2.10,c.3.1,c.3.2,c.4.1,c.4.2,c.4.3,c.4.4,c.4.5,c.4.6,c.5.1,d.1.1,d.1.2,d.2.1,d.2.2,d.2.3,d.4.1,d.5.1,d.5.2,d.5.3,d.5.4,d.5.5,e.1.1,e.1.2,e.1.3,f.2.1,f.2.2,f.4.1,f.6.1,f.6.2,f.6.3,g.1.1,g.1.2,g.2.1,g.2.2,g.2.3,g.3.1,g.3.2,g.4.1,g.4.2,g.4.3,g.4.4,g.4.5,h.2.1,h.2.2,h.2.3,h.2.4,h.5.1,i.1.1,i.1.2,i.1.3,i.1.4,i.2.1,i.2.2,i.2.3,i.2.4,i.2.5,i.2.6,i.3.1,i.3.2,i.3.3,i.3.4,i.3.5,i.3.6,j.1.1,j.1.2,j.2.1,j.2.2,j.2.3,j.2.4,j.3.1,j.3.2,j.3.3,j.3.4,j.4.1,j.5.1,j.5.2,j.5.3,j.5.4,j.5.5,j.6.1,j.6.2,j.6.3,j.6.4,j.7.1,j.7.2
a.1.1,1.0,0.5304250619554739,0.5029543438774992,0.5047527806699523,0.4297381243774542,0.41177182520450956,0.3311469451540494,0.3259158280815914,0.40520457065749804,0.4287163826277703,0.3874445858599624,0.4497541533668048,0.33172408847280443,0.5029371601328715,0.4146606237942819,0.37561228150903586,0.3849004315933828,0.4103937725937507,0.42643573016447145,0.6133589416313544,0.5351920967640348,0.4430849490067639,0.4312153063131077,0.4787496664513457,0.3511391001349725,0.3904232446443919,0.4383595536987428,0.4751813307612211,0.485391580940424,0.3638702958364107,0.233598295454124,0.4081788273347702,0.4313928197255544,0.46181402066342675,0.5355485133252387,0.4893444465648721,0.4830816830695954,0.5784483449401037,0.46544041072513725,0.4707819181569897,0.4955561213797722,0.46747620679427054,0.3711952205849112,0.4184476239514114,0.5064998038631677,0.49818617485359196,0.44713455683110015,0.4536123910284876,0.37946138545384284,0.4641297492810138,0.4292748203176015,0.345986090035227,0.4997518802974351,0.4007128947849559,0.45266594820663003,0.44041162210470836,0.41262126382371755,0.44883689026709295,0.42018200275457174,0.46009433507364095,0.5186005799589166,0.48781025791969335,0.40842107379703924,0.1618869447173519,0.1838495661074849,0.5245144183648759,0.5183584437201395,0.5899522791111784,0.5044656042136533,0.4381647931223971,0.4946815988471986,0.4590879874343035,0.43527167739062295,0.6011937052483906,0.7265710722676018,0.5188553308086009,0.4336731366632968,0.5367714231360603,0.4131656211709736,0.4553623188930027,0.4059876413411561,0.2967091582231993,0.468237374674706,0.3797397530020695,0.49692447716988686,0.5186368648374935,0.4874247049503122,0.5867385372347945,0.4148136963126259,0.538216553167971,0.5663162967855042,0.4972627140458976,0.4458722096052245,0.47091947368023657,0.4646046276368963,0.5188494109271848,0.3713980821693751,0.3986977025182814,0.46493148454931466,0.45857417532075767,0.44903634335208925,0.511986683029875,0.5296903094036806,0.5088052546796001,0.4342860757060564,0.5371216500993631,0.5271562292770114,0.4591798114315932,0.5202617961795928,0.31339428345463427,0.4106598717074831,0.4606427031760964,0.6048252343462451,0.40017307184465417,0.45213722112575666,0.5005887717576717,0.40655395424145013,0.543904135452022,0.4533156330346073,0.3377734850702637,0.1901221077827783
a.1.2,0.5304250619554739,1.0,0.7944904396064069,0.6564273686578012,0.5545750617232225,0.5331293950416427,0.4286423820217579,0.5458486546572863,0.3759066591985,0.6675627446602281,0.6391330346442752,0.5929240598114597,0.4432044231343112,0.6061158700788734,0.5853709549589982,0.6399609948606538,0.5421808563972115,0.5727157688039068,0.6115359076992507,0.5479291110354134,0.6208423202856351,0.6203863827003812,0.6041526055077923,0.5949650008839916,0.6172104265598212,0.6991261156981942,0.6901609816427672,0.5901961111462047,0.584111760177984,0.4480183523046265,0.289906608581704,0.5039022392747958,0.6001810560918553,0.5932044680068485,0.5665934063524216,0.6671141405332597,0.5602798504617732,0.6195513562806887,0.4870580251295305,0.5146742653745533,0.4686100503183636,0.4585064121983309,0.5791919429619222,0.3015392748874133,0.5998285807680513,0.6826037610440452,0.6259690400680937,0.7183372252368856,0.5697532427386803,0.5915030618113939,0.5620716543045342,0.5191334844148506,0.6814508545201099,0.40498041134376966,0.612084879580864,0.7095797139369497,0.6666895173735349,0.5880565020161794,0.4860072044463934,0.6292581176215734,0.38855664759486613,0.5441079878630743,0.5189879506916486,0.07521596060276957,0.20274289118648708,0.5234009835880153,0.644209284703508,0.4399747735480516,0.5609247326143262,0.45941517421784683,0.5589881701373844,0.5438857515883805,0.4349023464576988,0.7175533406824818,0.5976785295262087,0.6669638081718949,0.4800034116340707,0.5933093474300628,0.6141322884109536,0.4456406570794804,0.38816353498877193,0.4470473916473389,0.541869182204223,0.5892918192674812,0.5991462501655055,0.6122135141861867,0.5043774993265214,0.55072184148272,0.5984750004332923,0.5346593779953074,0.5460045701843826,0.560510178458406,0.4164289069827056,0.5441855811198969,0.6989992913767821,0.6301999852508269,0.5637006164966001,0.5420287817995162,0.4698489610992074,0.5820143245172066,0.6606715063186641,0.5472872445112056,0.6205395727209478,0.6179663784686499,0.5768221578028131,0.6818316468057802,0.6373342483968242,0.5650369047282525,0.5374125847726127,0.600270180718106,0.2316466626834843,0.6743825190464872,0.5117212630616796,0.6274631670555973,0.5768090775033885,0.5640549450431284,0.6095972293451744,0.5387059201773972,0.5879559400289753,0.15953657536654173,0.1901221077827783
a.1.3,0.5029543438774992,0.7944904396064069,1.0,0.6302015651074863,0.526724106002252,0.5070709421340465,0.4105926536621607,0.5079659376851385,0.3954725407684198,0.6181998522802878,0.5457369715805174,0.5399085098909826,0.41530505185421346,0.5632543732031153,0.5788453608683777,0.6054543422661315,0.5148249053325389,0.525776938705606,0.5933774110502084,0.4787931395501289,0.594799329319178,0.6035472007408553,0.5522012437349836,0.5750959566836056,0.6440218982217492,0.6821382106879811,0.6649468775424049,0.5790431181716459,0.5800278518532402,0.4595975757279623,0.27096639415347984,0.47188533644525216,0.583740297399623,0.5895435542334484,0.5572162572305726,0.6378825307676743,0.5685545864290898,0.5880842727114852,0.4404532257095336,0.4866416648971572,0.4491127880227108,0.4677005056999235,0.5652879782062455,0.4801943027793155,0.5707142809491155,0.6443908135854373,0.6209599807484606,0.6918367839807508,0.5486861315492084,0.6103396809231665,0.5392791896676167,0.5048274964591521,0.6504137602265627,0.3921372215110419,0.5923564497717619,0.68799673731961,0.644560986739316,0.565472548663561,0.4398336930431827,0.6017146677950989,0.3373113134591034,0.501108897760886,0.493184908971421,0.07706591810445151,0.2284604517849723,0.5060272909021634,0.5872771093489856,0.4540993281552791,0.5509932835672012,0.43211674910151016,0.5452387488877654,0.5218830900164534,0.40886576889612175,0.6767016157773464,0.5897831113685758,0.6835190529017128,0.4700760641125265,0.6323633082303658,0.5870723111853047,0.404586271040122,0.3401169640909732,0.4223571429220902,0.46863847707353273,0.649166389757859,0.5771532313672871,0.5531422894845749,0.44298281808717344,0.5207987773385587,0.5427185325726065,0.5215112825357184,0.48354128934325497,0.5549494069659109,0.40429927671660687,0.5323622354602978,0.6212642349796952,0.5927775766096937,0.5254467837454817,0.5581878816402133,0.48074638023258753,0.5952376040835847,0.6299579781904788,0.49739825455973596,0.5686652357910575,0.5799066232491997,0.5430916139843044,0.6473398058522496,0.5972199294039956,0.5511997464147569,0.49231168752600984,0.6563496214674165,0.1860954298518442,0.6684340337517656,0.4731130832142518,0.6265928680637198,0.6201656188608582,0.5530850489065412,0.6158819510586518,0.5436717252448221,0.5838283733473673,0.21046526973998522,0.1901221077827783
a.1.4,0.5047527806699523,0.6564273686578012,0.6302015651074863,1.0,0.527306757255962,0.49378887183579245,0.37852767794348063,0.47565132405990024,0.3546888696651183,0.5632973556018155,0.5898176544049875,0.5651118828765261,0.44465815287851856,0.5883888921835819,0.5916992563865504,0.5665941640899786,0.5274787338522264,0.5636410952403067,0.596237193315985,0.47891581940060773,0.5774351834648189,0.5968948110203077,0.5527227568765498,0.5990733494746173,0.581161505428727,0.6230290172739887,0.6179902425073421,0.5801350203895156,0.5624811622805268,0.4334416275954154,0.28456305291607964,0.5246556664866745,0.6086386780732501,0.5530918138912863,0.5618050326919087,0.6029797819911642,0.536125027416722,0.5709044171496305,0.48171302154036594,0.5045117775235272,0.4698021095799744,0.45013787364321256,0.5288649178771295,0.2734181284783834,0.5618238264201757,0.5832530312800792,0.5782868020752822,0.6260763880932377,0.5141343647453235,0.572723773316295,0.5315357003690041,0.4785559971145085,0.6152865472845725,0.4135359713901186,0.5564335601902175,0.597831530772114,0.5885861704142827,0.5253316638679337,0.4623847881779859,0.6328093338987998,0.37783571060458804,0.5130988474818112,0.5036478829849343,0.10749071701257217,0.24083069716508,0.5219853439564126,0.5886421469890729,0.46609560235302117,0.5627769719760242,0.457373788426671,0.5680203577246941,0.5449411397606698,0.47753387191175756,0.6231846482110764,0.6121729078577742,0.6199315179257275,0.48965693058481746,0.5945729554941617,0.6010688882045495,0.4344631226563102,0.4172377966949334,0.4526805338819057,0.4195221728596882,0.5508205362106167,0.5552286224891368,0.5493325622328497,0.5008082134331415,0.5204695253198047,0.5537044885054527,0.5550833051107669,0.5339583916664464,0.5541179303789882,0.4229522525328297,0.5455027564175109,0.5923631357980074,0.5695126448475741,0.5177315506251293,0.5267520471546979,0.5387569916899569,0.5862840973722836,0.6094585554872914,0.49398312371853365,0.5807735161288679,0.5928848005506284,0.5545697043575191,0.6040416836649627,0.5770350978168405,0.520554499486827,0.5172408896155882,0.5482728974607362,0.25436276794996415,0.5924001352733489,0.4992550964288536,0.594158283081288,0.6006318833553093,0.5378074233770229,0.5559954970245747,0.5370012891578362,0.5538633853094688,0.2596358513660405,0.1901221077827783
a.3.1,0.4297381243774542,0.5545750617232225,0.526724106002252,0.527306757255962,1.0,0.5423758158374266,0.4303830902446045,0.49239022484610934,0.3306826279020672,0.5011881283265713,0.5543686515043028,0.5832919777648826,0.482179654240397,0.5533051736037966,0.5477386819493958,0.5583335064361222,0.5338285302733627,0.5481053340822127,0.5562061936671869,0.4607592699833348,0.4964230266890229,0.5381278383743127,0.5596202227516572,0.5411254647702249,0.5735667934284856,0.5448566467788861,0.5422629847540494,0.4877641804349691,0.47828628150818353,0.37204414483999315,0.25856884128700974,0.4700417530521647,0.5085824870880562,0.41801149864301734,0.47943525856672164,0.5135375236614311,0.47624470462251994,0.535639762962695,0.4348619749281038,0.4408493548882759,0.4350923292152554,0.4231020615278211,0.5185399323502127,0.3625241568677361,0.4701095152950116,0.5334022211084177,0.521900877137618,0.518911103401819,0.5172008348541114,0.5259501212426485,0.46753314501142795,0.4699882398581133,0.5346371608893815,0.41988636795475653,0.4811688330810886,0.5489710726922419,0.5073124594459006,0.46749901723389053,0.4376680307244618,0.6951797727851433,0.3848549509850963,0.4704652396998207,0.4669812875110075,0.22737491995350195,0.23765574651982677,0.4700510776308164,0.5515700836524494,0.3749739137105955,0.5112671228344936,0.4382864367356027,0.5044001136483207,0.49556810623463676,0.4782847437753202,0.5299608130933859,0.5568650894611638,0.5453733656901607,0.41085403924270425,0.50913244709999,0.5637004691839469,0.5079394110128055,0.3972870623819144,0.49338939531142406,0.4655275848973954,0.5202815647461115,0.47734545602563555,0.5877148355051346,0.5587599213244319,0.5355634197557643,0.5043229095841597,0.5165362127567714,0.4915002062185232,0.4236990531391318,0.4395352900511611,0.49447854880510256,0.5121892751980168,0.5090025640061787,0.47506101230092784,0.4272434785089016,0.4357517817139503,0.46722164103534336,0.4711449084317277,0.47239413803205965,0.5329439001616146,0.520457830514281,0.46097607524317497,0.5016640872354337,0.5570569681756596,0.42577320474791946,0.5390904776138556,0.5344451720300399,0.3002518303325338,0.4929542872371947,0.5020576476809,0.48126130627228314,0.5128925809082441,0.5358219842776245,0.47520256225197866,0.5057485186291774,0.50095830153474,0.23068298217761082,0.1901221077827783
a.3.2,0.41177182520450956,0.5331293950416427,0.5070709421340465,0.49378887183579245,0.5423758158374266,1.0,0.47640088117487966,0.5510286928427122,0.359286828689995,0.5138400909504894,0.5764022927233096,0.5922611604036043,0.4856652735890449,0.5688084566596477,0.5396072897110755,0.5484702955162806,0.4749556387520369,0.572413098962549,0.5551884060453773,0.4738084284123973,0.5142104649244184,0.5362921111338279,0.5216011856481201,0.5361164549165046,0.5209913231534912,0.5028140802252588,0.5381622238725348,0.5196612773521581,0.5635815403570272,0.43686159345727743,0.2888475364244011,0.48589898123142006,0.5439843974295997,0.45206692828572087,0.5215613966406413,0.5421371434785748,0.47111880762394676,0.5469279614383792,0.4399029729437018,0.4911317598938594,0.4637957803847861,0.45143938449967713,0.4814677409276306,0.262108108380307,0.44007582297702774,0.5627771313893669,0.5056582244653705,0.48854267483538916,0.49246322907868856,0.5090553056344581,0.4475499792752049,0.4911608328502847,0.539160763500732,0.3963991032445648,0.5018385084989209,0.5198748388752116,0.47247580790741334,0.477064261222378,0.41704941576464033,0.6454122875453323,0.48166618786283105,0.5590441924486246,0.47536110139625565,0.2105285599197511,0.29210926864307213,0.4989418573944733,0.5599240932970333,0.40814852400280266,0.5198259602142259,0.4610732882154773,0.5167635449654988,0.5065187449155627,0.48725980321656165,0.5550489230658497,0.5637974624007849,0.5380420593536314,0.417962926993811,0.5409495975313852,0.5515731976715994,0.5231043313363615,0.43106236056960695,0.4958950000736225,0.4776293049337841,0.47067409553660305,0.5029456720513976,0.6012622594943138,0.5827066334690734,0.6126309869529781,0.5006878022110549,0.48729876241352893,0.5468326786410184,0.445909621770875,0.44868252116578367,0.491485660390924,0.5208236247004954,0.5683537458830263,0.4974744461864926,0.4854805070796605,0.46867993878665737,0.4414511027312823,0.452289428499305,0.5338688662128104,0.5634089900644679,0.4947324811903357,0.4520788557586427,0.5252539973150143,0.5795471509475875,0.42675443388127443,0.5826612615721795,0.49787275063013314,0.34840603109990387,0.4787359028565322,0.5670506737480315,0.4512468224880419,0.5529980598432888,0.5537503603398384,0.44666327470567857,0.5119474583532968,0.49233405491453147,0.3044633553757005,0.1901221077827783
a.3.3,0.3311469451540494,0.4286423820217579,0.4105926536621607,0.37852767794348063,0.4303830902446045,0.47640088117487966,1.0,0.4616458988720469,0.30829002097792274,0.409732046246454,0.428830833351401,0.45752787647682447,0.3844333164451178,0.4398028415585979,0.4110249546295721,0.44668192003656565,0.38486600118827385,0.43371038314666643,0.43160766383206456,0.3855645111040747,0.36596131058403925,0.4318086326859283,0.39194947395057544,0.4137657937968601,0.41509292490758054,0.4035922128829349,0.425129944094069,0.4037094597263091,0.43339825536209503,0.3937604355901763,0.24425060995990214,0.38599814089129275,0.4259994392574422,0.36238132454816996,0.4097225645938904,0.4340716710898741,0.40438320657952076,0.42850599415604257,0.34647545994866413,0.38048134558103036,0.35650806078640346,0.35899152122334377,0.38994462338567804,0.2906683528383498,0.34902338946461564,0.4323770357761177,0.41805270831173164,0.3846778097271617,0.3889760723976043,0.4176304020963819,0.36636547030053196,0.4075561289919704,0.42263560488582735,0.28949096452184936,0.3995418636677238,0.43488989004809214,0.3783121075821177,0.3942595633473631,0.34662826236485184,0.47635941215120475,0.37696438577226343,0.43804513122370503,0.38436225660996637,0.20530061836443003,0.1749839538312979,0.3717327727713738,0.42677181439725026,0.30342147850801393,0.40385570802364557,0.3684457480082397,0.39195414284155927,0.39155942213547024,0.3785230076243724,0.4346092511036459,0.4393109421625421,0.41794069872077005,0.3387943460117007,0.43165933959588343,0.42073414801144887,0.4108768308375395,0.36048725010087546,0.36796312390527963,0.392069046886155,0.3903558956332252,0.4054091619953066,0.4669040383706849,0.43808453170127054,0.502085429499098,0.3984261531763728,0.3716284917106989,0.4065113754937652,0.3616036125207894,0.36154599370422974,0.4137215841476805,0.44300974384089986,0.48597220776705685,0.4109345135105946,0.4091063717490125,0.3799804662891602,0.36569726986332457,0.36894746319812405,0.43730291842405755,0.4649722113414834,0.40798857811654904,0.3607759671759082,0.427348667626418,0.46736792175694186,0.3679276181445386,0.454490427470033,0.4032649923732998,0.32774429841789626,0.3894462359122866,0.45053390901853063,0.37395828988520896,0.44449646633025314,0.44357488017388247,0.3728633808334232,0.36979974526301285,0.39551424378758804,0.23229785851927334,0.1901221077827783
a.3.4,0.3259158280815914,0.5458486546572863,0.5079659376851385,0.47565132405990024,0.49239022484610934,0.5510286928427122,0.4616458988720469,1.0,0.31587633820424954,0.513203244615229,0.566977297088666,0.5232592149864554,0.44780832495314554,0.532814034005685,0.5087140746202933,0.5594687094701046,0.44011619409198127,0.5391591898348994,0.5497921342428765,0.3883135712354274,0.44457357863186225,0.5155885394547841,0.4784154643627812,0.49217246485148425,0.5181353459895898,0.5286650679201174,0.5594769689823977,0.5033239565849742,0.5154638100318999,0.4209252741596078,0.23994279835049506,0.4627481924434741,0.5347350033861262,0.4636821329362158,0.47277462809555154,0.5127883732352057,0.47599108566919346,0.48042321987278447,0.399549963553609,0.4736719954453155,0.4213632586630772,0.4276867306549755,0.45452874877689964,0.23093923304415218,0.4515343375347858,0.515820936331,0.4882019781393553,0.5265387695509545,0.4600296097579629,0.49391829746717375,0.4487318146740526,0.47732675091992893,0.5221548718933199,0.315474186503294,0.5050165448520171,0.52975452375882,0.46976312189457886,0.4477696115951624,0.3484610425497898,0.5499683670696917,0.373492195184829,0.5184878836379269,0.48189887985221225,0.19251168396303206,0.23769097567678288,0.42977067497188354,0.5238070784812814,0.29962380449293485,0.5019369861909493,0.4000939663574637,0.48109600782159373,0.48711225691931664,0.4252985005651541,0.5245526882306912,0.4708323938685178,0.5193197457671603,0.3845440293232794,0.4869034025505614,0.5286290224341712,0.42493056209247354,0.39443079777870566,0.46233542439033837,0.42621257689693576,0.4717562125768932,0.5069381893814842,0.5154735200410808,0.46507506314817537,0.5130440695622357,0.5098370632663283,0.44463754100959785,0.4889301509592767,0.46512317273847764,0.4192288699996593,0.49757492236963463,0.5642457348982294,0.5769201347556383,0.4902738603803048,0.5321587965436795,0.4398479104044701,0.4399721504578081,0.48361871975670173,0.5264588668555502,0.5647248168907106,0.48677076141887476,0.46805641101938245,0.5325312976369877,0.5222377086796854,0.41684482725588434,0.4938852502868396,0.5125189542231549,0.25166267408406395,0.48459196746246597,0.4596677425185783,0.4944955854267796,0.5235843411685195,0.48631109235488595,0.47620276625153984,0.41817876379401925,0.468815623825961,0.20606530257416755,0.1901221077827783
a.3.5,0.40520457065749804,0.3759066591985,0.3954725407684198,0.3546888696651183,0.3306826279020672,0.359286828689995,0.30829002097792274,0.31587633820424954,1.0,0.3276091068284618,0.3508323643188174,0.3296774129657498,0.32769953845510763,0.4143583930705224,0.32794718759102887,0.2975321564229392,0.3027148712153725,0.30688704862817956,0.3445081019338349,0.3929311337905134,0.3983931651109497,0.3643279958500343,0.36508574677954037,0.3778808876790524,0.3128671005893516,0.3042739612955172,0.29896508625669177,0.3546863283159199,0.4168239986024958,0.3682838512045084,0.23709459329824978,0.3616394340340131,0.35640601990019405,0.3502587449661503,0.4296844003905198,0.3596512740133467,0.37336995291538194,0.35107317442131764,0.29660039118114,0.3411996894516992,0.3327777888273821,0.33059411897084967,0.25481254090359645,0.2595403609984796,0.3356230913550026,0.4050578822080674,0.33650472581899726,0.32989004674151506,0.32990008916953983,0.35362778741359185,0.31178500634026707,0.29548282093017214,0.3971484884205662,0.37436482729571513,0.34523655370235556,0.33912616730856693,0.30164020950004744,0.3736677321748996,0.336497041955344,0.36889714350140757,0.4704279362489204,0.4744347119341469,0.35742156002921055,0.2597357495885887,0.32910261469771945,0.5092971126148241,0.3827541044665216,0.40899398541740106,0.38556685519614536,0.34345466575092287,0.3582337062243408,0.33782697598405187,0.3240674392274954,0.40059556079721453,0.4463533373074977,0.38371309776681056,0.3779985355765883,0.3928390085308999,0.3507074717975889,0.31838662656128547,0.34560335994218816,0.2486439576502441,0.35721943832292236,0.33224291068581135,0.38288834454665854,0.3567100957934572,0.36090522960296395,0.512347007632222,0.34555181610381874,0.3842007799976707,0.4034179741575609,0.36065948977381446,0.3380519534561931,0.3732305306283799,0.35958875674567287,0.36600598371166226,0.3364950338793418,0.40876728044700605,0.3139426410261809,0.3645069508915086,0.3147210999434347,0.4261077358565086,0.4767048813635094,0.42016926079521916,0.3180925949004483,0.4455673041991287,0.43506541044976377,0.38839576822663074,0.3968781549682795,0.327867636680162,0.3749357616073167,0.3545996122140418,0.5650955583267591,0.25742357838533264,0.4563464445697057,0.438957673306213,0.26503493306456455,0.3807319038117621,0.3776832550657677,0.42497352837720476,0.1901221077827783
a.3.6,0.4287163826277703,0.6675627446602281,0.6181998522802878,0.5632973556018155,0.5011881283265713,0.5138400909504894,0.409732046246454,0.513203244615229,0.3276091068284618,1.0,0.570946276575252,0.5430779752419836,0.4307061403301512,0.5531254162839264,0.5513036236260235,0.5706398611238864,0.4824026947368995,0.5391286963526895,0.5654107218677749,0.4373205969845047,0.5295314783852519,0.5676633191671437,0.514102208040923,0.5602810033671736,0.5368727242032325,0.5861324014620781,0.5992476185456594,0.5357147150290363,0.5378511342746835,0.41433796896125086,0.2580507926971873,0.48319755603517045,0.5607223561025579,0.5089103686158356,0.5226878931179528,0.5783938642417322,0.4963431199074873,0.5399286533496642,0.45258903776087256,0.4811981649193031,0.4403804616089864,0.4388560931289512,0.5122869496745118,0.23810886460772385,0.5207757541971341,0.5723578577699115,0.5502223645499791,0.5983581165718248,0.5035820963380276,0.5283595496592672,0.4906579669583674,0.46924456219479543,0.5865552037523073,0.3782493161531182,0.5426941013308728,0.5840466488365974,0.5548693390491168,0.503283872702707,0.41186651988950734,0.5696138560165922,0.3739923122178628,0.5165217237617405,0.4888018835366448,0.11606666736718044,0.22722844066511044,0.47331374011631927,0.5726945809987709,0.40579812572105217,0.5208330663438353,0.42924164868637377,0.5268864006096435,0.510049009883574,0.4194165470535751,0.6072794598217874,0.5432813422596636,0.5744747243378975,0.43004247712137694,0.5522118437940708,0.5444318362463398,0.42104744666270943,0.37144211393941096,0.41694577606281913,0.4399569131545133,0.5034145796255487,0.542312400016094,0.5231321722806944,0.45362191602742863,0.520863897813163,0.5339434914501643,0.4878383394629475,0.5083341124466136,0.5149271469096952,0.4110165443778189,0.5077877508238361,0.608042056124217,0.5954325841642243,0.5206812034253175,0.5342454063166664,0.4675692670840965,0.5114341920391703,0.561297623049995,0.5038771974036786,0.556149870085303,0.5424376384616378,0.5204691158901453,0.592719044602969,0.5599295494473417,0.49184514630775905,0.4879680242494572,0.5124643212726852,0.24869090706699773,0.5633766090641892,0.4774750842297177,0.554521377740638,0.5631435146363938,0.5154017915461215,0.5289623451455472,0.5137446336779568,0.5243061801656623,0.2160692835312555,0.1901221077827783
b.1.1,0.3874445858599624,0.6391330346442752,0.5457369715805174,0.5898176544049875,0.5543686515043028,0.5764022927233096,0.428830833351401,0.566977297088666,0.3508323643188174,0.570946276575252,1.0,0.669444854488069,0.546645868944795,0.6566522714161978,0.6315966853414566,0.6535598895917194,0.5676917504785216,0.6619514742576825,0.6729857318981824,0.4461942746655919,0.5835436617061477,0.6039431087381949,0.6424697312197966,0.6260715558396506,0.6214167395848387,0.6106576031981635,0.6323971357423767,0.5813122024890041,0.586654344471152,0.4549034824857104,0.3419466269493195,0.51576401618596,0.6111486508317365,0.5302247665218276,0.5464071706967059,0.5730237227847106,0.513154814500098,0.5623391622877992,0.4748882417122488,0.5152558184051789,0.4740472593059538,0.4482928463715815,0.5665013519260562,0.16183932096192222,0.5082648261829725,0.584292036995457,0.5685034725624638,0.6167224194428939,0.5274848687454015,0.557310138404711,0.4700405763648694,0.5027121374478454,0.6156171061171081,0.3651540302077289,0.5973499188516945,0.5937552145149501,0.5726010137251365,0.5113745164599082,0.4498954240856367,0.7072508792801305,0.4278091980601727,0.5719046015403226,0.5678107174052999,0.17895482058159912,0.29442588804640796,0.5201147026629586,0.6454598737924769,0.40803370902962044,0.5670875925238349,0.468872538377561,0.561216140333025,0.56230329262776,0.5328494738819297,0.6004686005252198,0.567154850898016,0.5905030371071194,0.4597088858378412,0.5174548422230296,0.6437524871561876,0.4589435433245386,0.3925760581400503,0.5165907688789545,0.46712478396697865,0.5341538135004663,0.5375946913040083,0.6114585424718567,0.5723657832172581,0.5868724891262764,0.5835803196666736,0.5383635729977209,0.5962897911312667,0.5218145959152913,0.4579533645222903,0.5317305585334023,0.6028613881815781,0.5947002638201068,0.5155968705101784,0.5589781766051845,0.47081717781811766,0.5044654085158634,0.5728265363913617,0.5684986678411201,0.6260994997570678,0.5804019147746987,0.5251180880630214,0.5738702805611258,0.5949930598014108,0.4501550489406714,0.5624160033467392,0.591225490825369,0.27652279613611574,0.5530944448530296,0.5439685886570931,0.5365480418243327,0.5776528321351374,0.5567607986299197,0.5157807300326309,0.5313315559960988,0.522462564604794,0.22102952182311458,0.1901221077827783
b.1.2,0.4497541533668048,0.5929240598114597,0.5399085098909826,0.5651118828765261,0.5832919777648826,0.5922611604036043,0.45752787647682447,0.5232592149864554,0.3296774129657498,0.5430779752419836,0.669444854488069,1.0,0.5670301909838071,0.6319832222899068,0.6219353915418336,0.618245970113312,0.547573188545595,0.6501679633780563,0.6535823533354849,0.48572301461195394,0.5495727813624137,0.6086256970091015,0.6386231219402616,0.6513799125294987,0.5978868381329827,0.5687309061089155,0.5932178885840906,0.5570697636023513,0.5665325270033879,0.4344653036412594,0.33176829970940874,0.5107700634489647,0.5823109501465186,0.4958571391702954,0.5514803298943858,0.5744378663010243,0.5053132636422104,0.6180393426352842,0.48787376712786473,0.5133699892411836,0.49515139537223635,0.4579857232505487,0.571489965693357,0.30805266553010796,0.4974036939249903,0.586051619418716,0.5527709694854921,0.5532848717241555,0.5389338303715328,0.5422841107025859,0.44921125152749086,0.5002727315226576,0.5804772246407061,0.3688751193672422,0.5336243403079911,0.5768567164570427,0.5419370277182267,0.5125401529591811,0.4685797902198294,0.7376330544896729,0.4418336919644973,0.5332877308457316,0.5382264999322581,0.2536155352200058,0.2868991034100512,0.5028129797484396,0.6195739287804096,0.4172854816224312,0.5547486641633689,0.4806169658592267,0.5538041051855486,0.5497031603795772,0.5714264348866195,0.5848797257608424,0.6100671042371982,0.5725600632738669,0.4323493722926512,0.5349916794935637,0.6062202397502503,0.5066973459640773,0.39195133703156837,0.5023183255660327,0.4718126191406443,0.5154048083100192,0.5316876093027711,0.6375626236917991,0.6058729935481245,0.6048705824632991,0.5268298641002255,0.5141262394193961,0.5837490157180036,0.45423953231322406,0.4775395558630377,0.4891714428913662,0.5389481726953529,0.5751282170314977,0.5046612980247986,0.5025415722029922,0.46885718800166487,0.4919113144899324,0.49716507616416805,0.545897513377324,0.5796809125316371,0.5832510635663064,0.5196132437383757,0.5398941379850525,0.6228800907475844,0.41774159923274873,0.5954396303387172,0.5563674345608881,0.3588333733104205,0.5429395694859362,0.5624429330640207,0.48814835381316907,0.5810634301369282,0.5692340004869717,0.4893181507208076,0.5533229032620248,0.5107960709541088,0.2841449073554605,0.1901221077827783
b.1.3,0.33172408847280443,0.4432044231343112,0.41530505185421346,0.44465815287851856,0.482179654240397,0.4856652735890449,0.3844333164451178,0.44780832495314554,0.32769953845510763,0.4307061403301512,0.546645868944795,0.5670301909838071,1.0,0.5091370217333908,0.5278589188025867,0.5164897996739286,0.4412124826877665,0.5385524791964565,0.5422504950402341,0.3814193117327008,0.4511942259735371,0.4775922885102712,0.5208266249536013,0.5268709509968491,0.49172224120416064,0.44589032532702355,0.4608025004003764,0.4597287163756011,0.4533039412207641,0.3662079062203011,0.31310872997667705,0.44427512319332685,0.4680476682635932,0.3989011181296207,0.43428147618441465,0.42433825575686374,0.4297488310468837,0.48398947018811794,0.4147851632895086,0.37836034143885033,0.3807491368402061,0.3838166032397129,0.45748442353255553,0.2676040938412899,0.3824183676589211,0.4477367493464508,0.4139382386438726,0.4437570927487348,0.46423980942472876,0.4340316941484804,0.3798556457554008,0.4211642346160321,0.45932539125218974,0.3217794339311027,0.4169476783938663,0.4546145236062037,0.4144198374127155,0.4135402257319404,0.3613476166205399,0.6162230816024081,0.36204522412187956,0.4431868994778374,0.4583506288527448,0.44412368233804894,0.2473153512404503,0.42992797280004097,0.49012473924583927,0.3855313842951578,0.46442166840163424,0.40658700472960396,0.46538470215314415,0.4642484361536638,0.4567412682566373,0.44910851119167566,0.5110148306490246,0.4701717149011706,0.36022146722953724,0.4199851789896788,0.5019454322868436,0.4195289198848687,0.32268365160243645,0.4076019807287103,0.4072731737775221,0.4315473958132276,0.40592487244518244,0.5254635512302924,0.4988411356044735,0.486499444636403,0.42916031790260634,0.4306630092978793,0.43649231850946474,0.3671914353891743,0.4647842286796708,0.4304549575869481,0.4416513741524936,0.46551445395219326,0.4394981576935472,0.3915722396365814,0.3704610165810564,0.4058947184738194,0.38347925861060017,0.4511893829815068,0.48806270986445266,0.4703547077504015,0.4180767412744743,0.4188045448111274,0.4861051496648105,0.3489111778658235,0.48024949258015937,0.4575823180374634,0.32813853032749174,0.4163343482581616,0.4555368751150693,0.37304076069063274,0.4847386475441572,0.4538742949710166,0.38691079983515503,0.46804416738865523,0.4271935841007891,0.29004810215358673,0.1901221077827783
b.1.4,0.5029371601328715,0.6061158700788734,0.5632543732031153,0.5883888921835819,0.5533051736037966,0.5688084566596477,0.4398028415585979,0.532814034005685,0.4143583930705224,0.5531254162839264,0.6566522714161978,0.6319832222899068,0.5091370217333908,1.0,0.609754783500206,0.6130911758934122,0.5457152786507165,0.6140343311803953,0.633025881263063,0.49676867531738056,0.5726384781332466,0.6024269512433515,0.5951201285116376,0.6289197184925263,0.559905423233131,0.5632569059183734,0.5940157301747101,0.5877519338353115,0.6047238445542962,0.4552201906884989,0.3150935180137201,0.5351903333537222,0.6053154384226263,0.5374229059511074,0.5846039980655916,0.5891031898208643,0.550244967671583,0.6007786746224074,0.5141382848294976,0.5284539067796562,0.4965528259603494,0.49662782142696965,0.5401288902094001,0.27137078651595575,0.5289266998178992,0.5926085950829635,0.5684748599331372,0.5829636006855184,0.5217799177166064,0.5896130636489214,0.4998604213893923,0.49781600731516873,0.6204303614545386,0.4222441410840262,0.5877300722034859,0.5752282810714453,0.5565220691798345,0.5487682147771061,0.4589208859049465,0.6977289354822874,0.49272457265625047,0.613533641048382,0.5522668139556427,0.1694611005367365,0.29429577931392464,0.5718202186895607,0.649510760399404,0.48075001597242956,0.6019573927493196,0.5012357058784263,0.5884553583146522,0.5768797383319324,0.5466259916207707,0.6291666516386448,0.6480631884746877,0.6101675911728068,0.5074805818120878,0.5937621313647711,0.6057241435168176,0.47758393278014594,0.4376771943709564,0.47422603554551285,0.4846009167656389,0.5376540729432447,0.5792136884149668,0.6218000540321538,0.5851029543282897,0.650825971846236,0.5684018909241634,0.5954773060473116,0.6234361361549998,0.5653245701671232,0.48203966552057803,0.5982236064035407,0.6135083322510505,0.6329136151683789,0.5310613883058176,0.584641798242473,0.5603663221948008,0.5482424329992143,0.5615901917166192,0.6054014961524118,0.667447339151914,0.6126814202837263,0.5470946060462714,0.623899167360053,0.6328503264719851,0.5189135158489097,0.5974262023652352,0.5229469409552637,0.34957454196203097,0.5468817219161897,0.6384761246824777,0.520346951894375,0.6114081271862941,0.597365157929476,0.5002052456819343,0.5782140736616764,0.5624741576399129,0.3497217312462229,0.1901221077827783
b.1.5,0.4146606237942819,0.5853709549589982,0.5788453608683777,0.5916992563865504,0.5477386819493958,0.5396072897110755,0.4110249546295721,0.5087140746202933,0.32794718759102887,0.5513036236260235,0.6315966853414566,0.6219353915418336,0.5278589188025867,0.609754783500206,1.0,0.6184036024468004,0.5536165853062782,0.6339008845096252,0.6892899257211573,0.4249799573350859,0.5516684086805961,0.593919348415541,0.5930622075260519,0.6369955092299865,0.6411135547848567,0.5987238134498938,0.6221494734071528,0.580148976134712,0.5617673420273385,0.4339849752296626,0.29621235830795284,0.5377604249700406,0.6081855979284517,0.535890746172881,0.5506506790451099,0.5631027275385695,0.5156143650682481,0.5623105099203901,0.47837730800305917,0.5027613210966971,0.4728445310631121,0.4673871090435367,0.5901880808876085,0.27406049078703487,0.5105138327552943,0.5378377886336868,0.5704516974185297,0.5933186406383345,0.5670666417739172,0.5598648325296909,0.5075732016909371,0.502036470798878,0.5907165259911121,0.369280352151229,0.5493414456360668,0.5741505315084555,0.5563919589483666,0.5323896691639495,0.4558234056569128,0.6875493233942953,0.3804255422633528,0.5367435070386608,0.5285519445807451,0.1997867958811836,0.23506579414516343,0.506007203208118,0.5930209302388504,0.47892556812504394,0.5926752428906248,0.4801288660992113,0.5994473589194355,0.5889295859729446,0.5089193356976657,0.5846592426892496,0.625300296659198,0.5872632889678526,0.4568840909428971,0.567719852183116,0.6215988337498394,0.4408040472779049,0.40338552039926695,0.46471857185227916,0.39850997741046135,0.6328834296816577,0.5248625654280346,0.5482730472449533,0.5182373704195228,0.5493814764639168,0.5459323659479609,0.553497700442809,0.5218318016932004,0.5368787684814573,0.45222847822352796,0.582451891366056,0.5918866296555989,0.6084698810624264,0.5769290013195225,0.5400753048081014,0.5733613127631892,0.5416958743269517,0.5437080483856598,0.5244624000178615,0.6083592170397139,0.5855558922670012,0.5579685256591222,0.5680967237113619,0.5568047047441503,0.4613811358997583,0.5203402741838644,0.6334145121106458,0.28569053323734844,0.5471680571408789,0.4815621952986614,0.5547216578451826,0.5802271338184107,0.5375517079128498,0.5485666222988611,0.5628314851931348,0.5369375364969253,0.28733902697653,0.1901221077827783
b.1.6,0.37561228150903586,0.6399609948606538,0.6054543422661315,0.5665941640899786,0.5583335064361222,0.5484702955162806,0.44668192003656565,0.5594687094701046,0.2975321564229392,0.5706398611238864,0.6535598895917194,0.618245970113312,0.5164897996739286,0.6130911758934122,0.6184036024468004,1.0,0.5440052063584386,0.6141277639845953,0.6413576080858541,0.4170539127228042,0.5432205106432666,0.5821887125115204,0.5834266854094009,0.6000612264248247,0.6512939254382218,0.6233269035757366,0.6417906777041125,0.5526614665524795,0.541852342711786,0.41114601836812303,0.30981263294817873,0.5051689535746284,0.5823600854145217,0.5026195581894518,0.49589646690556505,0.5644043729401366,0.5271557328369938,0.5429517968126385,0.46473878344683867,0.4739946544383704,0.4230898738530041,0.4424147792331032,0.5866914667248786,0.34428362607792184,0.49196006023517,0.5689502823940151,0.5825167745241275,0.6105727736704022,0.5575082065660408,0.5762248549901502,0.49403734754906753,0.5199705915409631,0.5904242929882073,0.31874575069105743,0.5748233934670621,0.620491438289283,0.5778398965262219,0.5158632547024395,0.41262769938796673,0.7004088208765575,0.35483600907973256,0.5272472398800874,0.5197357352364264,0.21051629843617198,0.2081078301063571,0.4638784794592451,0.5964807303665339,0.3878996408921148,0.5474601850120311,0.44599441554503005,0.5429062108740711,0.5429270701931969,0.46764374922852897,0.5828781001794581,0.5257955136697433,0.5640956609812101,0.4451250332651481,0.525457393527139,0.5933537649482904,0.4339864934396025,0.3535512166731387,0.4622470145664676,0.45911267813600404,0.5881866466341916,0.5287291728258804,0.5944655511819933,0.5354162500810326,0.5356559916806012,0.5624937045192229,0.5111843062600758,0.5357963650291127,0.5009746716985296,0.46133197692422767,0.5460003120061011,0.6132210245345955,0.6081364819952975,0.5596533205487954,0.5408145529564393,0.49752656893017766,0.496425981447557,0.5639819132752293,0.5486081534304963,0.5973144221803584,0.5582641668378427,0.5302543198729475,0.5664531109125804,0.5910911808676678,0.46039172073148,0.536410817723497,0.6287366692105771,0.23836874374800762,0.5525398358221049,0.4760215968589138,0.5504179510970643,0.5620963665007914,0.5460154588947065,0.5531057181320259,0.523193505859252,0.5322847808764676,0.20941528315239605,0.1901221077827783
b.1.7,0.3849004315933828,0.5421808563972115,0.5148249053325389,0.5274787338522264,0.5338285302733627,0.4749556387520369,0.38486600118827385,0.44011619409198127,0.3027148712153725,0.4824026947368995,0.5676917504785216,0.547573188545595,0.4412124826877665,0.5457152786507165,0.5536165853062782,0.5440052063584386,1.0,0.5287715951719985,0.5506035895926218,0.3856824908721109,0.47166996441167164,0.5367558315921214,0.5090990493689244,0.5432497317814351,0.5890150803298053,0.5668671528757946,0.5609795947022818,0.4784200484804143,0.4742298449444669,0.38956234221747066,0.22867756586485577,0.45361395856539666,0.5057711233280274,0.4319674898843938,0.45486037260865053,0.49410285059376813,0.48056679688618253,0.49516977395039685,0.40507687415532856,0.4352245479339557,0.41463330508423857,0.3765044834672103,0.5224789866696289,0.3016792089342145,0.4694489214253071,0.4966372441372686,0.5096628851623285,0.5643500704762462,0.45492056364683425,0.5424391687394124,0.4645699346875177,0.4206197956577475,0.5456851721525827,0.35505194989302685,0.48948280867224786,0.5581761694000377,0.5851591926033616,0.4462591062115721,0.4455027388436882,0.600356987406151,0.33880477237955,0.4588172419211768,0.46718181004868226,0.15051126871756523,0.27134959369485356,0.41800123746119167,0.5281797392993082,0.40873853021010137,0.49755343580471584,0.4167992490683509,0.5004055328548228,0.4859391326361081,0.4738988823271679,0.5153642559554618,0.5504871530609563,0.5638066387622795,0.4518638301950375,0.5087130196689502,0.5525560755072298,0.40713129953141997,0.3528953699626341,0.43709772312037903,0.3642779879917817,0.5655571870172463,0.44590680086655193,0.495708186002716,0.45379116149096,0.47827657284972475,0.5437658366132446,0.5801882712594191,0.5291477926402238,0.48264901548288625,0.439725272021252,0.5293788137108916,0.5305321393534331,0.48996351713331004,0.49191981577808924,0.4627498466970894,0.4680671946160085,0.4843773148822369,0.49934715639879895,0.4853796695867972,0.5304850715863225,0.5366807191406008,0.4553242113262236,0.5170982372625501,0.4684974560439692,0.43854109850816025,0.45020612601503307,0.5797789150797915,0.20840746018081927,0.4820856107718521,0.4383365139119569,0.5191378640916687,0.47914922817759775,0.47464033172597114,0.4960390770695941,0.45995621287635974,0.493589865763096,0.18941043578899483,0.1901221077827783
